arena:
  w: 1.56
  h: 1.06
  robot_height: 0.16

camera_calibration:
  # Image resolution
  image_height: 600
  image_width: 800

  # Camera focal lenghts
  fx: 1.3603511947485931e+03
  fy: 1.3603511947485931e+03

  # Optical center expressed in pixels
  cx: 400
  cy: 300

  # Distortion coefficients
  k1: -1.1673595161783117e-01
  k2: -2.8879513463256052e+00
  p1: 0
  p2: 0
  k3: 1.2946850787258967e+01


